% Generere matriser

list = 1:10

list =

     1     2     3     4     5     6     7     8     9    10

list = 1:2:10

list =

     1     3     5     7     9

list = 10:-2:1

list =

    10     8     6     4     2

    
for i=1:2:10; disp(i*i); end
     1

     9

    25

    49

    81


